isOptimal = true
cout = 33474
gap = 0.7624931952182947
tournees = [
[1,17,50,1]
[1,22,13,7,83,1]
[1,25,88,21,68,86,32,1]
[1,29,4,2,1]
[1,34,24,9,15,1]
[1,35,87,54,1]
[1,44,37,1]
[1,46,28,8,1]
[1,48,6,66,1]
[1,49,10,38,1]
[1,55,47,3,77,42,1]
[1,58,5,53,72,23,1]
[1,59,40,33,1]
[1,60,18,1]
[1,62,43,52,1]
[1,67,12,30,41,1]
[1,71,57,27,75,1]
[1,73,76,45,1]
[1,74,19,26,51,1]
[1,78,63,14,1]
[1,79,36,11,69,1]
[1,80,64,56,1]
[1,84,82,39,1]
[1,85,70,31,16,1]
[1,89,65,20,61,1]
[1,90,81,1]
];
solveTime = 361.18116307258606
