isOptimal = true
cout = 30641
gap = 0.7370926919654434
tournees = [
[1,7,66,65,13,1]
[1,25,28,16,1]
[1,42,84,92,15,1]
[1,43,5,1]
[1,52,4,9,47,1]
[1,55,62,30,1]
[1,59,33,51,1]
[1,64,41,14,1]
[1,67,37,34,10,1]
[1,68,58,54,1]
[1,71,36,23,1]
[1,72,20,38,29,3,1]
[1,74,35,1]
[1,76,49,82,31,63,1]
[1,77,1]
[1,78,60,27,73,1]
[1,79,81,17,1]
[1,80,70,57,1]
[1,83,6,50,24,1]
[1,85,18,61,1]
[1,86,8,56,48,2,40,1]
[1,87,45,19,69,46,1]
[1,88,21,39,1]
[1,89,12,44,1]
[1,90,53,1]
[1,91,22,11,1]
[1,93,94,75,1]
[1,95,26,32,1]
];
solveTime = 361.31570982933044
