isOptimal = true
cout = 61254
tournees = [
[1,12,5,1]
[1,43,33,1]
[1,58,42,1]
[1,74,77,8,1]
[1,85,86,11,1]
[1,10,25,7,1]
[1,26,28,9,1]
[1,39,40,27,1]
[1,44,50,30,1]
[1,51,62,36,1]
[1,68,65,59,1]
[1,69,70,64,1]
[1,90,4,13,1]
[1,20,14,23,1]
[1,21,24,53,1]
[1,34,35,57,1]
[1,18,71,60,38,1]
[1,31,84,87,45,1]
[1,67,93,91,52,1]
[1,3,95,17,1]
[1,22,41,49,82,1]
[1,61,63,73,1]
[1,75,66,80,81,1]
[1,88,94,16,6,79,15,29,1]
[1,37,46,47,48,54,55,76,83,89,1]
[1,1,32,19,2,56,72,78,92,1]
];
solveTime = 0.007550954818725586
