isOptimal = true
cout = 32521.0
gap = 0.7628559455718213
tournees = [
[1,8,73,76,1]
[1,13,7,83,39,1]
[1,15,54,63,24,1]
[1,17,50,66,1]
[1,18,1]
[1,26,10,33,1]
[1,30,22,78,1]
[1,38,29,4,1]
[1,44,37,1]
[1,45,28,1]
[1,46,35,6,1]
[1,47,40,67,12,1]
[1,53,58,5,23,72,60,1]
[1,55,70,31,16,68,21,1]
[1,56,80,48,64,1]
[1,57,27,75,34,1]
[1,59,19,51,49,74,1]
[1,62,86,32,71,1]
[1,77,3,2,1]
[1,79,36,11,69,1]
[1,82,84,1]
[1,87,9,41,14,1]
[1,88,25,43,52,1]
[1,89,85,20,61,1]
[1,90,81,42,65,1]
];
solveTime = 150.33200001716614
