isOptimal = true
cout = 29342.0
gap = 0.7318310484114312
tournees = [
[1,5,87,19,45,1]
[1,13,7,6,83,50,1]
[1,18,73,27,78,60,1]
[1,20,72,3,29,1]
[1,22,11,42,1]
[1,24,43,1]
[1,26,95,1]
[1,32,69,46,51,1]
[1,34,10,59,1]
[1,35,74,1]
[1,38,33,1]
[1,39,21,1]
[1,44,12,1]
[1,47,9,91,1]
[1,48,56,8,86,2,40,1]
[1,55,62,30,1]
[1,57,80,70,1]
[1,61,85,82,31,1]
[1,64,14,41,1]
[1,65,66,17,1]
[1,68,58,54,1]
[1,71,23,36,1]
[1,75,67,37,53,1]
[1,76,16,28,25,1]
[1,77,89,88,1]
[1,81,79,63,49,1]
[1,84,92,15,52,4,1]
[1,90,93,94,1]
];
solveTime = 150.12700009346008
