isOptimal = true
cout = 38045.0
gap = 0.7400117681716973
tournees = [
[1,2,26,90,51,1]
[1,9,87,1]
[1,13,66,1]
[1,14,41,18,1]
[1,20,16,31,70,1]
[1,24,59,85,65,61,1]
[1,25,56,64,48,80,1]
[1,27,75,34,30,1]
[1,28,8,1]
[1,29,19,4,1]
[1,35,46,6,1]
[1,39,82,83,7,1]
[1,44,57,1]
[1,45,73,76,1]
[1,52,43,88,21,68,1]
[1,55,47,40,33,1]
[1,60,72,23,5,58,53,1]
[1,62,86,32,71,1]
[1,63,22,78,1]
[1,67,12,37,1]
[1,69,11,36,79,1]
[1,74,49,10,1]
[1,77,3,54,15,1]
[1,84,17,50,1]
[1,89,42,81,38,1]
];
solveTime = 300.37091088294983
