isOptimal = true
cout = 31565.0
gap = 0.7224361659611038
tournees = [
[1,24,28,16,1]
[1,26,14,1]
[1,29,38,30,21,1]
[1,42,11,22,31,1]
[1,52,4,15,92,84,1]
[1,53,94,93,1]
[1,59,34,10,1]
[1,62,71,23,1]
[1,66,65,17,55,1]
[1,68,54,58,1]
[1,69,32,51,46,1]
[1,72,64,33,41,1]
[1,73,3,20,1]
[1,74,37,67,75,1]
[1,76,43,25,1]
[1,77,12,1]
[1,80,70,57,36,1]
[1,81,79,63,49,1]
[1,83,6,13,7,50,1]
[1,85,82,18,61,1]
[1,86,8,56,48,2,40,1]
[1,87,45,19,5,1]
[1,89,88,39,35,1]
[1,90,44,1]
[1,91,9,47,1]
[1,95,78,27,60,1]
];
solveTime = 300.4024279117584
