isOptimal = true
cout = 38406.0
gap = 0.8095119686160127
tournees = [
[1,8,73,76,1]
[1,10,38,81,1]
[1,13,28,1]
[1,22,78,63,1]
[1,26,51,19,2,1]
[1,30,60,18,1]
[1,34,29,4,1]
[1,37,27,75,1]
[1,41,14,66,24,1]
[1,42,3,40,47,1]
[1,46,6,35,1]
[1,48,80,67,12,1]
[1,50,17,83,7,1]
[1,52,43,1]
[1,54,9,87,15,1]
[1,56,64,55,70,20,1]
[1,57,44,1]
[1,61,31,16,68,21,88,25,1]
[1,62,86,32,71,1]
[1,72,53,23,58,5,1]
[1,74,33,77,1]
[1,79,36,11,69,1]
[1,82,39,84,1]
[1,89,65,85,59,1]
[1,90,49,45,1]
];
solveTime = 300.2630000114441
