isOptimal = true
cout = 30495.0
gap = 0.7686388200278574
tournees = [
[1,3,20,72,1]
[1,15,56,48,42,84,92,1]
[1,30,35,74,1]
[1,37,10,59,34,1]
[1,38,33,41,1]
[1,43,24,1]
[1,45,19,87,28,76,16,1]
[1,46,25,5,1]
[1,54,58,68,1]
[1,55,62,47,9,23,1]
[1,57,36,71,1]
[1,63,79,22,11,1]
[1,66,65,2,40,1]
[1,67,75,53,44,1]
[1,69,51,1]
[1,73,18,61,1]
[1,77,88,21,1]
[1,78,14,64,60,27,1]
[1,80,70,39,1]
[1,81,17,86,8,1]
[1,83,6,7,13,50,1]
[1,85,31,82,49,1]
[1,89,12,29,1]
[1,91,4,52,1]
[1,94,93,90,1]
[1,95,26,32,1]
];
solveTime = 300.43699979782104
